
Hi, welcome to the best matrix calculator ever!
Here are the available commands. Notice the syntax:
print_mat <MAT_X>
read_mat <MAT_X>,<number>,<number>,<number> ... 
add_mat <MAT_A>,<MAT_B>,<MAT_C>
sub_mat <MAT_A>,<MAT_B>,<MAT_C>
mul_mat <MAT_A>,<MAT_B>,<MAT_C>
mul_scalar <MAT_A>,<number>,<MAT_B>
trans_mat <MAT_A>,<MAT_B>
stop

Insert a new command

The command is:       print_mat   MAT_A


   0.00     0.00     0.00     0.00  
   0.00     0.00     0.00     0.00  
   0.00     0.00     0.00     0.00  
   0.00     0.00     0.00     0.00  



Success

Insert a new command

The command is:     read_mat    MAT_A, 1  ,  2  , 3     ,4      , 5,6,7,8


   1.00     2.00     3.00     4.00  
   5.00     6.00     7.00     8.00  
   0.00     0.00     0.00     0.00  
   0.00     0.00     0.00     0.00  



Success

Insert a new command

The command is: print_mat MAT_A     


   1.00     2.00     3.00     4.00  
   5.00     6.00     7.00     8.00  
   0.00     0.00     0.00     0.00  
   0.00     0.00     0.00     0.00  



Success

Insert a new command

The command is: trans_mat   MAT_A   ,   MAT_A   


   1.00     5.00     0.00     0.00  
   2.00     6.00     0.00     0.00  
   3.00     7.00     0.00     0.00  
   4.00     8.00     0.00     0.00  



Success

Insert a new command

The command is:     read_mat MAT_B   , 1,2, 3 , 4   ,5,6,7,8,9,10,11,12,13,14,15,16,17,18,19,20                       


   1.00     2.00     3.00     4.00  
   5.00     6.00     7.00     8.00  
   9.00    10.00    11.00    12.00  
  13.00    14.00    15.00    16.00  



Success

Insert a new command

The command is: print_mat MAT_B


   1.00     2.00     3.00     4.00  
   5.00     6.00     7.00     8.00  
   9.00    10.00    11.00    12.00  
  13.00    14.00    15.00    16.00  



Success

Insert a new command

The command is:   add_mat     MAT_A   ,     MAT_B   ,   MAT_C


   2.00     7.00     3.00     4.00  
   7.00    12.00     7.00     8.00  
  12.00    17.00    11.00    12.00  
  17.00    22.00    15.00    16.00  



Success

Insert a new command

The command is:   print_mat MAT_C    


   2.00     7.00     3.00     4.00  
   7.00    12.00     7.00     8.00  
  12.00    17.00    11.00    12.00  
  17.00    22.00    15.00    16.00  



Success

Insert a new command

The command is: sub_mat MAT_C,  MAT_A,MAT_D


   1.00     2.00     3.00     4.00  
   5.00     6.00     7.00     8.00  
   9.00    10.00    11.00    12.00  
  13.00    14.00    15.00    16.00  



Success

Insert a new command

The command is:   print_mat MAT_D 


   1.00     2.00     3.00     4.00  
   5.00     6.00     7.00     8.00  
   9.00    10.00    11.00    12.00  
  13.00    14.00    15.00    16.00  



Success

Insert a new command

The command is: mul_scalar       MAT_D  , 10  , MAT_E 


  10.00    20.00    30.00    40.00  
  50.00    60.00    70.00    80.00  
  90.00   100.00   110.00   120.00  
 130.00   140.00   150.00   160.00  



Success

Insert a new command

The command is: read_mat          MAT_D        ,    1 , 3,  4 ,2,   1, 77  


   1.00     3.00     4.00     2.00  
   1.00    77.00     0.00     0.00  
   0.00     0.00     0.00     0.00  
   0.00     0.00     0.00     0.00  



Success

Insert a new command

The command is: print_mat MAT_E  


  10.00    20.00    30.00    40.00  
  50.00    60.00    70.00    80.00  
  90.00   100.00   110.00   120.00  
 130.00   140.00   150.00   160.00  



Success

Insert a new command

The command is: read_mat  MAT_A  , 1,2,3,4,5,6


   1.00     2.00     3.00     4.00  
   5.00     6.00     0.00     0.00  
   0.00     0.00     0.00     0.00  
   0.00     0.00     0.00     0.00  



Success

Insert a new command

The command is: mul_mat MAT_A, MAT_A, MAT_A  


  11.00    14.00     3.00     4.00  
  35.00    46.00    15.00    20.00  
   0.00     0.00     0.00     0.00  
   0.00     0.00     0.00     0.00  



Success

Insert a new command

The command is: print_mat MAT_A   


  11.00    14.00     3.00     4.00  
  35.00    46.00    15.00    20.00  
   0.00     0.00     0.00     0.00  
   0.00     0.00     0.00     0.00  



Success

Insert a new command

The command is:     read_mat MAT_B ,1,2,3,4,5,6


   1.00     2.00     3.00     4.00  
   5.00     6.00     0.00     0.00  
   0.00     0.00     0.00     0.00  
   0.00     0.00     0.00     0.00  



Success

Insert a new command

The command is:     mul_mat MAT_A, MAT_B, MAT_B


  81.00   106.00    33.00    44.00  
 265.00   346.00   105.00   140.00  
   0.00     0.00     0.00     0.00  
   0.00     0.00     0.00     0.00  



Success

Insert a new command

The command is:     print_mat MAT_BÿAV


  81.00   106.00    33.00    44.00  
 265.00   346.00   105.00   140.00  
   0.00     0.00     0.00     0.00  
   0.00     0.00     0.00     0.00  



Success

Input got EOF char. Illigal. Stopping the program with error.
